18
9
192
12992
163
3628
-32000
-32592
-8062
-31872
-32592
3628
12800
163
192
192
0
0
0
0
0
42
21
0
8
0
0
8
0
0
8
0
0
8
0
0
8
0
0
8
0
0
8
0
0
8
0
0
8
0
0
8
0
-21846
-21846
-32598
0
8
0
0
8
0
0
8
0
0
8
0
0
8
0
0
8
0
0
8
0
0
8
0
0
8
0
0
8
0
0
22
11
0
256
1
257
3328
-16179
-13043
448
1
-22231
2720
-32598
-22006
128
0
0
0
0
0
0
0
0
0
0
0
0
0
0
0
0
0
0
0
0
0
0
0
0
0
0
0
0
0
0
0
0
0
0
0
38
16
0
0
0
0
0
0
0
0
21509
0
21781
21845
16384
336
16448
21781
21845
0
21509
0
0
0
0
0
0
0
0
0
0
0
0
0
0
0
0
0
0
0
0
0
0
0
0
0
0
0
0
0
0
30
9
1280
64
4352
16
256
0
277
20481
16448
1092
5
16449
21505
85
16384
4
5376
80
0
82
21
-1
-1
-1
-1
-1
-5184
240
768
176
0
-16134
-16386
0
-20477
0
-20721
-12352
-3861
768
176
-1536
-16132
-320
191
-20477
3840
-16209
-16192
-5361
1008
176
-774
-16384
192
-16386
-20477
-20721
192
-16192
3840
-3093
-1360
252
-16384
192
-512
-16449
-16209
0
-64
-1
-5121
-70
-1
-16129
-21782
-21846
-21846
-21846
-21846
-64
-1
-5121
-70
-1
-16129
192
3584
-16449
175
0
-16192
0
-3093
-1357
240
-16384
192
-16626
-20477
-20673
0
-16192
-5376
1008
944
-3846
-16384
3776
191
-20477
16128
175
-16192
-3861
768
176
-1533
-16144
-16434
0
-20477
0
-20673
-5184
240
768
176
768
-16134
-1
-1
-1
-1
-1
192
0
0
0
82
21
-1
-1
-1
-1
-1
-16192
0
0
0
0
-16384
192
0
-1009
0
0
-16192
0
16128
255
0
-16384
192
768
-1
240
0
-16192
0
-15613
-3856
0
-16384
192
768
-3901
240
0
-16192
0
-253
-4033
0
-16384
192
768
4092
240
0
-16192
0
16128
255
0
-16384
192
12
3084
3072
0
-16192
16128
3840
252
63
-16384
192
15
-1009
15360
0
-16192
0
252
3840
192
-16384
192
768
4092
240
0
-16192
0
768
240
0
-16384
192
0
4092
192
0
-16192
3072
255
16128
204
-16384
192
63
0
16128
0
-16192
3072
0
0
12
-16384
-1
-1
-1
-1
-1
192
0
0
0
22
11
0
0
192
-5630
2560
234
-5622
10752
20673
-10987
1360
20565
21765
64
0
0
0
0
0
